Date: 2019-10-17
Values collected by David James
# 
# h = 0.1
# Euler:t     y          Heun:t     y
   0.00000    0.10000    0.00000    0.10000
   0.10000    0.13600    0.10000    0.14150
   0.20000    0.18300    0.20000    0.19659
   0.30000    0.24281    0.30000    0.26663
   0.40000    0.31635    0.40000    0.35093
   0.50000    0.40286    0.50000    0.44581
   0.60000    0.49908    0.60000    0.54482
   0.70000    0.59908    0.70000    0.64027
   0.80000    0.69515    0.80000    0.72554
   0.90000    0.77992    0.90000    0.79674
   1.00000    0.84858    1.00000    0.85299
# 
# h = 0.05
# Euler:t     y          Heun:t     y
   0.00000    0.10000    0.00000    0.10000
   0.05000    0.11800    0.05000    0.11941
   0.10000    0.13882    0.10000    0.14199
   0.15000    0.16272    0.15000    0.16805
   0.20000    0.18997    0.20000    0.19779
   0.25000    0.22075    0.25000    0.23134
   0.30000    0.25515    0.30000    0.26868
   0.35000    0.29316    0.35000    0.30965
   0.40000    0.33461    0.40000    0.35384
   0.45000    0.37914    0.45000    0.40070
   0.50000    0.42622    0.50000    0.44945
   0.55000    0.47513    0.55000    0.49919
   0.60000    0.52500    0.60000    0.54895
   0.65000    0.57488    0.65000    0.59774
   0.70000    0.62376    0.70000    0.64466
   0.75000    0.67069    0.75000    0.68894
   0.80000    0.71487    0.80000    0.73000
   0.85000    0.75563    0.85000    0.76745
   0.90000    0.79256    0.90000    0.80111
   0.95000    0.82544    0.95000    0.83095
   1.00000    0.85426    1.00000    0.85711
# 
# h = 0.025
# Euler:t     y          Heun:t     y
   0.00000    0.10000    0.00000    0.10000
   0.02500    0.10900    0.02500    0.10936
   0.05000    0.11871    0.05000    0.11947
   0.07500    0.12917    0.07500    0.13039
   0.10000    0.14042    0.10000    0.14214
   0.12500    0.15249    0.12500    0.15476
   0.15000    0.16542    0.15000    0.16828
   0.17500    0.17922    0.17500    0.18273
   0.20000    0.19393    0.20000    0.19813
   0.22500    0.20956    0.22500    0.21449
   0.25000    0.22613    0.25000    0.23180
   0.27500    0.24363    0.27500    0.25007
   0.30000    0.26206    0.30000    0.26927
   0.32500    0.28139    0.32500    0.28939
   0.35000    0.30162    0.35000    0.31036
   0.37500    0.32268    0.37500    0.33215
   0.40000    0.34454    0.40000    0.35468
   0.42500    0.36712    0.42500    0.37787
   0.45000    0.39035    0.45000    0.40164
   0.47500    0.41415    0.47500    0.42588
   0.50000    0.43841    0.50000    0.45048
   0.52500    0.46303    0.52500    0.47533
   0.55000    0.48790    0.55000    0.50030
   0.57500    0.51288    0.57500    0.52527
   0.60000    0.53787    0.60000    0.55011
   0.62500    0.56272    0.62500    0.57470
   0.65000    0.58733    0.65000    0.59893
   0.67500    0.61157    0.67500    0.62269
   0.70000    0.63532    0.70000    0.64587
   0.72500    0.65849    0.72500    0.66838
   0.75000    0.68098    0.75000    0.69015
   0.77500    0.70270    0.77500    0.71110
   0.80000    0.72360    0.80000    0.73119
   0.82500    0.74360    0.82500    0.75037
   0.85000    0.76266    0.85000    0.76862
   0.87500    0.78076    0.87500    0.78591
   0.90000    0.79788    0.90000    0.80224
   0.92500    0.81401    0.92500    0.81761
   0.95000    0.82915    0.95000    0.83204
   0.97500    0.84331    0.97500    0.84554
   1.00000    0.85653    1.00000    0.85814
# 
# h = 0.0125
# Euler:t     y          Heun:t     y
   0.00000    0.10000    0.00000    0.10000
   0.01250    0.10450    0.01250    0.10459
   0.02500    0.10918    0.02500    0.10936
   0.03750    0.11404    0.03750    0.11433
   0.05000    0.11909    0.05000    0.11949
   0.06250    0.12434    0.06250    0.12485
   0.07500    0.12978    0.07500    0.13041
   0.08750    0.13543    0.08750    0.13619
   0.10000    0.14128    0.10000    0.14218
   0.11250    0.14735    0.11250    0.14838
   0.12500    0.15363    0.12500    0.15481
   0.13750    0.16013    0.13750    0.16146
   0.15000    0.16686    0.15000    0.16835
   0.16250    0.17381    0.16250    0.17546
   0.17500    0.18099    0.17500    0.18281
   0.18750    0.18840    0.18750    0.19040
   0.20000    0.19605    0.20000    0.19822
   0.21250    0.20393    0.21250    0.20629
   0.22500    0.21204    0.22500    0.21459
   0.23750    0.22040    0.23750    0.22314
   0.25000    0.22899    0.25000    0.23193
   0.26250    0.23782    0.26250    0.24095
   0.27500    0.24688    0.27500    0.25021
   0.28750    0.25618    0.28750    0.25971
   0.30000    0.26570    0.30000    0.26943
   0.31250    0.27546    0.31250    0.27939
   0.32500    0.28544    0.32500    0.28956
   0.33750    0.29564    0.33750    0.29995
   0.35000    0.30605    0.35000    0.31055
   0.36250    0.31667    0.36250    0.32136
   0.37500    0.32749    0.37500    0.33236
   0.38750    0.33850    0.38750    0.34354
   0.40000    0.34969    0.40000    0.35490
   0.41250    0.36107    0.41250    0.36643
   0.42500    0.37260    0.42500    0.37811
   0.43750    0.38429    0.43750    0.38994
   0.45000    0.39612    0.45000    0.40189
   0.46250    0.40808    0.46250    0.41397
   0.47500    0.42016    0.47500    0.42614
   0.48750    0.43234    0.48750    0.43841
   0.50000    0.44461    0.50000    0.45076
   0.51250    0.45696    0.51250    0.46316
   0.52500    0.46936    0.52500    0.47561
   0.53750    0.48182    0.53750    0.48810
   0.55000    0.49430    0.55000    0.50059
   0.56250    0.50680    0.56250    0.51309
   0.57500    0.51930    0.57500    0.52557
   0.58750    0.53178    0.58750    0.53802
   0.60000    0.54423    0.60000    0.55042
   0.61250    0.55663    0.61250    0.56275
   0.62500    0.56897    0.62500    0.57501
   0.63750    0.58123    0.63750    0.58718
   0.65000    0.59340    0.65000    0.59925
   0.66250    0.60546    0.66250    0.61119
   0.67500    0.61741    0.67500    0.62300
   0.68750    0.62922    0.68750    0.63467
   0.70000    0.64088    0.70000    0.64618
   0.71250    0.65239    0.71250    0.65753
   0.72500    0.66373    0.72500    0.66869
   0.73750    0.67489    0.73750    0.67968
   0.75000    0.68586    0.75000    0.69046
   0.76250    0.69663    0.76250    0.70104
   0.77500    0.70720    0.77500    0.71141
   0.78750    0.71755    0.78750    0.72157
   0.80000    0.72769    0.80000    0.73150
   0.81250    0.73760    0.81250    0.74120
   0.82500    0.74727    0.82500    0.75068
   0.83750    0.75672    0.83750    0.75991
   0.85000    0.76592    0.85000    0.76892
   0.86250    0.77488    0.86250    0.77768
   0.87500    0.78361    0.87500    0.78620
   0.88750    0.79209    0.88750    0.79448
   0.90000    0.80032    0.90000    0.80253
   0.91250    0.80831    0.91250    0.81033
   0.92500    0.81606    0.92500    0.81789
   0.93750    0.82356    0.93750    0.82522
   0.95000    0.83083    0.95000    0.83231
   0.96250    0.83786    0.96250    0.83917
   0.97500    0.84465    0.97500    0.84581
   0.98750    0.85121    0.98750    0.85221
   1.00000    0.85754    1.00000    0.85840
# 
# h = 0.00625
# Euler:t     y          Heun:t     y
   0.00000    0.10000    0.00000    0.10000
   0.00625    0.10225    0.00625    0.10227
   0.01250    0.10454    0.01250    0.10459
   0.01875    0.10689    0.01875    0.10695
   0.02500    0.10927    0.02500    0.10937
   0.03125    0.11171    0.03125    0.11182
   0.03750    0.11419    0.03750    0.11433
   0.04375    0.11671    0.04375    0.11689
   0.05000    0.11929    0.05000    0.11949
   0.05625    0.12192    0.05625    0.12215
   0.06250    0.12459    0.06250    0.12485
   0.06875    0.12732    0.06875    0.12761
   0.07500    0.13010    0.07500    0.13042
   0.08125    0.13293    0.08125    0.13328
   0.08750    0.13581    0.08750    0.13620
   0.09375    0.13874    0.09375    0.13916
   0.10000    0.14173    0.10000    0.14219
   0.10625    0.14477    0.10625    0.14526
   0.11250    0.14787    0.11250    0.14839
   0.11875    0.15102    0.11875    0.15158
   0.12500    0.15422    0.12500    0.15482
   0.13125    0.15748    0.13125    0.15812
   0.13750    0.16080    0.13750    0.16148
   0.14375    0.16417    0.14375    0.16489
   0.15000    0.16761    0.15000    0.16836
   0.15625    0.17109    0.15625    0.17189
   0.16250    0.17464    0.16250    0.17548
   0.16875    0.17824    0.16875    0.17913
   0.17500    0.18190    0.17500    0.18283
   0.18125    0.18562    0.18125    0.18660
   0.18750    0.18940    0.18750    0.19042
   0.19375    0.19324    0.19375    0.19431
   0.20000    0.19714    0.20000    0.19825
   0.20625    0.20110    0.20625    0.20225
   0.21250    0.20511    0.21250    0.20632
   0.21875    0.20919    0.21875    0.21044
   0.22500    0.21332    0.22500    0.21462
   0.23125    0.21752    0.23125    0.21887
   0.23750    0.22177    0.23750    0.22317
   0.24375    0.22609    0.24375    0.22753
   0.25000    0.23046    0.25000    0.23196
   0.25625    0.23490    0.25625    0.23644
   0.26250    0.23939    0.26250    0.24098
   0.26875    0.24394    0.26875    0.24559
   0.27500    0.24855    0.27500    0.25025
   0.28125    0.25322    0.28125    0.25497
   0.28750    0.25795    0.28750    0.25975
   0.29375    0.26274    0.29375    0.26458
   0.30000    0.26758    0.30000    0.26947
   0.30625    0.27248    0.30625    0.27442
   0.31250    0.27743    0.31250    0.27943
   0.31875    0.28245    0.31875    0.28449
   0.32500    0.28751    0.32500    0.28961
   0.33125    0.29263    0.33125    0.29478
   0.33750    0.29781    0.33750    0.30000
   0.34375    0.30304    0.34375    0.30528
   0.35000    0.30832    0.35000    0.31060
   0.35625    0.31365    0.35625    0.31598
   0.36250    0.31903    0.36250    0.32141
   0.36875    0.32446    0.36875    0.32689
   0.37500    0.32994    0.37500    0.33241
   0.38125    0.33547    0.38125    0.33798
   0.38750    0.34104    0.38750    0.34360
   0.39375    0.34666    0.39375    0.34926
   0.40000    0.35232    0.40000    0.35496
   0.40625    0.35803    0.40625    0.36070
   0.41250    0.36377    0.41250    0.36649
   0.41875    0.36956    0.41875    0.37231
   0.42500    0.37538    0.42500    0.37817
   0.43125    0.38124    0.43125    0.38407
   0.43750    0.38714    0.43750    0.39000
   0.44375    0.39307    0.44375    0.39596
   0.45000    0.39904    0.45000    0.40196
   0.45625    0.40503    0.45625    0.40798
   0.46250    0.41106    0.46250    0.41403
   0.46875    0.41711    0.46875    0.42011
   0.47500    0.42319    0.47500    0.42621
   0.48125    0.42929    0.48125    0.43234
   0.48750    0.43542    0.48750    0.43848
   0.49375    0.44156    0.49375    0.44465
   0.50000    0.44773    0.50000    0.45083
   0.50625    0.45391    0.50625    0.45703
   0.51250    0.46010    0.51250    0.46324
   0.51875    0.46631    0.51875    0.46946
   0.52500    0.47254    0.52500    0.47569
   0.53125    0.47877    0.53125    0.48193
   0.53750    0.48501    0.53750    0.48817
   0.54375    0.49125    0.54375    0.49442
   0.55000    0.49750    0.55000    0.50067
   0.55625    0.50375    0.55625    0.50692
   0.56250    0.51000    0.56250    0.51316
   0.56875    0.51625    0.56875    0.51941
   0.57500    0.52249    0.57500    0.52565
   0.58125    0.52873    0.58125    0.53187
   0.58750    0.53496    0.58750    0.53809
   0.59375    0.54118    0.59375    0.54430
   0.60000    0.54738    0.60000    0.55049
   0.60625    0.55358    0.60625    0.55667
   0.61250    0.55976    0.61250    0.56283
   0.61875    0.56592    0.61875    0.56897
   0.62500    0.57206    0.62500    0.57509
   0.63125    0.57818    0.63125    0.58119
   0.63750    0.58427    0.63750    0.58726
   0.64375    0.59035    0.64375    0.59331
   0.65000    0.59639    0.65000    0.59933
   0.65625    0.60241    0.65625    0.60532
   0.66250    0.60840    0.66250    0.61127
   0.66875    0.61435    0.66875    0.61720
   0.67500    0.62028    0.67500    0.62308
   0.68125    0.62617    0.68125    0.62894
   0.68750    0.63202    0.68750    0.63475
   0.69375    0.63783    0.69375    0.64053
   0.70000    0.64361    0.70000    0.64626
   0.70625    0.64934    0.70625    0.65196
   0.71250    0.65503    0.71250    0.65761
   0.71875    0.66068    0.71875    0.66321
   0.72500    0.66629    0.72500    0.66878
   0.73125    0.67185    0.73125    0.67429
   0.73750    0.67736    0.73750    0.67976
   0.74375    0.68282    0.74375    0.68517
   0.75000    0.68824    0.75000    0.69054
   0.75625    0.69360    0.75625    0.69586
   0.76250    0.69891    0.76250    0.70112
   0.76875    0.70417    0.76875    0.70633
   0.77500    0.70938    0.77500    0.71149
   0.78125    0.71454    0.78125    0.71660
   0.78750    0.71964    0.78750    0.72165
   0.79375    0.72468    0.79375    0.72664
   0.80000    0.72967    0.80000    0.73158
   0.80625    0.73460    0.80625    0.73646
   0.81250    0.73947    0.81250    0.74128
   0.81875    0.74429    0.81875    0.74605
   0.82500    0.74905    0.82500    0.75075
   0.83125    0.75375    0.83125    0.75540
   0.83750    0.75839    0.83750    0.75999
   0.84375    0.76297    0.84375    0.76452
   0.85000    0.76749    0.85000    0.76899
   0.85625    0.77195    0.85625    0.77340
   0.86250    0.77635    0.86250    0.77775
   0.86875    0.78069    0.86875    0.78205
   0.87500    0.78497    0.87500    0.78628
   0.88125    0.78919    0.88125    0.79045
   0.88750    0.79335    0.88750    0.79456
   0.89375    0.79745    0.89375    0.79861
   0.90000    0.80149    0.90000    0.80260
   0.90625    0.80547    0.90625    0.80653
   0.91250    0.80938    0.91250    0.81040
   0.91875    0.81324    0.91875    0.81421
   0.92500    0.81704    0.92500    0.81796
   0.93125    0.82077    0.93125    0.82166
   0.93750    0.82445    0.93750    0.82529
   0.94375    0.82807    0.94375    0.82887
   0.95000    0.83163    0.95000    0.83238
   0.95625    0.83513    0.95625    0.83584
   0.96250    0.83857    0.96250    0.83924
   0.96875    0.84196    0.96875    0.84259
   0.97500    0.84528    0.97500    0.84587
   0.98125    0.84855    0.98125    0.84911
   0.98750    0.85177    0.98750    0.85228
   0.99375    0.85492    0.99375    0.85540
   1.00000    0.85802    1.00000    0.85846
# 
# h = 0.003125
# Euler:t     y          Heun:t     y
   0.00000    0.10000    0.00000    0.10000
   0.00313    0.10113    0.00313    0.10113
   0.00625    0.10226    0.00625    0.10227
   0.00938    0.10341    0.00938    0.10343
   0.01250    0.10457    0.01250    0.10459
   0.01562    0.10574    0.01562    0.10577
   0.01875    0.10692    0.01875    0.10696
   0.02187    0.10811    0.02187    0.10816
   0.02500    0.10932    0.02500    0.10937
   0.02812    0.11054    0.02812    0.11059
   0.03125    0.11177    0.03125    0.11183
   0.03437    0.11301    0.03437    0.11307
   0.03750    0.11426    0.03750    0.11433
   0.04063    0.11552    0.04063    0.11560
   0.04375    0.11680    0.04375    0.11689
   0.04688    0.11809    0.04688    0.11819
   0.05000    0.11939    0.05000    0.11949
   0.05313    0.12071    0.05313    0.12082
   0.05625    0.12203    0.05625    0.12215
   0.05938    0.12337    0.05938    0.12350
   0.06250    0.12472    0.06250    0.12486
   0.06563    0.12609    0.06563    0.12623
   0.06875    0.12747    0.06875    0.12761
   0.07188    0.12886    0.07188    0.12901
   0.07500    0.13026    0.07500    0.13042
   0.07813    0.13168    0.07813    0.13185
   0.08125    0.13311    0.08125    0.13328
   0.08438    0.13455    0.08438    0.13473
   0.08750    0.13600    0.08750    0.13620
   0.09063    0.13747    0.09063    0.13768
   0.09375    0.13895    0.09375    0.13917
   0.09688    0.14045    0.09688    0.14067
   0.10000    0.14196    0.10000    0.14219
   0.10313    0.14348    0.10313    0.14372
   0.10625    0.14502    0.10625    0.14526
   0.10938    0.14657    0.10938    0.14682
   0.11250    0.14813    0.11250    0.14840
   0.11563    0.14971    0.11563    0.14998
   0.11875    0.15130    0.11875    0.15158
   0.12188    0.15290    0.12188    0.15320
   0.12500    0.15452    0.12500    0.15483
   0.12813    0.15616    0.12813    0.15647
   0.13125    0.15780    0.13125    0.15813
   0.13438    0.15947    0.13438    0.15980
   0.13750    0.16114    0.13750    0.16148
   0.14062    0.16283    0.14062    0.16318
   0.14375    0.16453    0.14375    0.16490
   0.14687    0.16625    0.14687    0.16663
   0.15000    0.16799    0.15000    0.16837
   0.15312    0.16973    0.15312    0.17013
   0.15625    0.17149    0.15625    0.17190
   0.15937    0.17327    0.15937    0.17368
   0.16250    0.17506    0.16250    0.17549
   0.16562    0.17687    0.16562    0.17730
   0.16875    0.17869    0.16875    0.17913
   0.17187    0.18052    0.17187    0.18098
   0.17500    0.18237    0.17500    0.18284
   0.17812    0.18423    0.17812    0.18471
   0.18125    0.18611    0.18125    0.18660
   0.18437    0.18801    0.18437    0.18851
   0.18750    0.18991    0.18750    0.19043
   0.19062    0.19184    0.19062    0.19236
   0.19375    0.19377    0.19375    0.19431
   0.19687    0.19573    0.19687    0.19628
   0.20000    0.19769    0.20000    0.19825
   0.20312    0.19968    0.20312    0.20025
   0.20625    0.20168    0.20625    0.20226
   0.20937    0.20369    0.20937    0.20428
   0.21250    0.20572    0.21250    0.20632
   0.21562    0.20776    0.21562    0.20838
   0.21875    0.20982    0.21875    0.21045
   0.22187    0.21189    0.22187    0.21253
   0.22500    0.21397    0.22500    0.21463
   0.22812    0.21608    0.22812    0.21674
   0.23125    0.21819    0.23125    0.21887
   0.23437    0.22033    0.23437    0.22102
   0.23750    0.22247    0.23750    0.22318
   0.24062    0.22464    0.24062    0.22535
   0.24375    0.22681    0.24375    0.22754
   0.24687    0.22901    0.24687    0.22975
   0.25000    0.23121    0.25000    0.23197
   0.25312    0.23343    0.25312    0.23420
   0.25625    0.23567    0.25625    0.23645
   0.25937    0.23792    0.25937    0.23871
   0.26250    0.24019    0.26250    0.24099
   0.26562    0.24247    0.26562    0.24329
   0.26875    0.24477    0.26875    0.24560
   0.27187    0.24708    0.27187    0.24792
   0.27500    0.24940    0.27500    0.25026
   0.27812    0.25174    0.27812    0.25261
   0.28125    0.25410    0.28125    0.25498
   0.28437    0.25647    0.28437    0.25736
   0.28750    0.25885    0.28750    0.25976
   0.29062    0.26125    0.29062    0.26217
   0.29375    0.26366    0.29375    0.26459
   0.29687    0.26609    0.29687    0.26703
   0.30000    0.26853    0.30000    0.26948
   0.30312    0.27098    0.30312    0.27195
   0.30625    0.27345    0.30625    0.27443
   0.30937    0.27594    0.30937    0.27693
   0.31250    0.27843    0.31250    0.27944
   0.31562    0.28095    0.31562    0.28196
   0.31875    0.28347    0.31875    0.28450
   0.32187    0.28601    0.32187    0.28705
   0.32500    0.28856    0.32500    0.28962
   0.32812    0.29113    0.32812    0.29220
   0.33125    0.29371    0.33125    0.29479
   0.33437    0.29630    0.33437    0.29739
   0.33750    0.29891    0.33750    0.30001
   0.34062    0.30153    0.34062    0.30264
   0.34375    0.30416    0.34375    0.30529
   0.34687    0.30681    0.34687    0.30794
   0.35000    0.30946    0.35000    0.31062
   0.35312    0.31213    0.35312    0.31330
   0.35625    0.31482    0.35625    0.31599
   0.35937    0.31752    0.35937    0.31870
   0.36250    0.32022    0.36250    0.32142
   0.36562    0.32294    0.36562    0.32415
   0.36875    0.32568    0.36875    0.32690
   0.37187    0.32842    0.37187    0.32966
   0.37500    0.33118    0.37500    0.33242
   0.37812    0.33395    0.37812    0.33520
   0.38125    0.33673    0.38125    0.33799
   0.38437    0.33952    0.38437    0.34080
   0.38750    0.34232    0.38750    0.34361
   0.39062    0.34514    0.39062    0.34644
   0.39375    0.34796    0.39375    0.34927
   0.39687    0.35080    0.39687    0.35212
   0.40000    0.35365    0.40000    0.35497
   0.40312    0.35650    0.40312    0.35784
   0.40625    0.35937    0.40625    0.36072
   0.40937    0.36225    0.40937    0.36361
   0.41250    0.36514    0.41250    0.36650
   0.41562    0.36803    0.41562    0.36941
   0.41875    0.37094    0.41875    0.37233
   0.42187    0.37386    0.42187    0.37525
   0.42500    0.37678    0.42500    0.37819
   0.42812    0.37972    0.42812    0.38113
   0.43125    0.38266    0.43125    0.38408
   0.43437    0.38562    0.43437    0.38705
   0.43750    0.38858    0.43750    0.39002
   0.44062    0.39155    0.44062    0.39299
   0.44375    0.39453    0.44375    0.39598
   0.44687    0.39751    0.44687    0.39897
   0.45000    0.40051    0.45000    0.40197
   0.45312    0.40351    0.45312    0.40498
   0.45625    0.40652    0.45625    0.40800
   0.45937    0.40953    0.45937    0.41102
   0.46250    0.41255    0.46250    0.41405
   0.46562    0.41558    0.46562    0.41709
   0.46875    0.41862    0.46875    0.42013
   0.47187    0.42166    0.47187    0.42318
   0.47500    0.42471    0.47500    0.42623
   0.47812    0.42776    0.47812    0.42929
   0.48125    0.43082    0.48125    0.43236
   0.48437    0.43389    0.48437    0.43543
   0.48750    0.43696    0.48750    0.43850
   0.49062    0.44003    0.49062    0.44158
   0.49375    0.44311    0.49375    0.44467
   0.49687    0.44620    0.49687    0.44775
   0.50000    0.44929    0.50000    0.45085
   0.50312    0.45238    0.50312    0.45394
   0.50625    0.45548    0.50625    0.45704
   0.50937    0.45858    0.50937    0.46015
   0.51250    0.46168    0.51250    0.46325
   0.51562    0.46479    0.51562    0.46636
   0.51875    0.46790    0.51875    0.46948
   0.52187    0.47101    0.52187    0.47259
   0.52500    0.47412    0.52500    0.47571
   0.52812    0.47724    0.52812    0.47883
   0.53125    0.48036    0.53125    0.48195
   0.53437    0.48348    0.53437    0.48507
   0.53750    0.48660    0.53750    0.48819
   0.54062    0.48972    0.54062    0.49131
   0.54375    0.49285    0.54375    0.49444
   0.54687    0.49597    0.54687    0.49756
   0.55000    0.49910    0.55000    0.50069
   0.55312    0.50222    0.55312    0.50381
   0.55625    0.50535    0.55625    0.50694
   0.55937    0.50847    0.55937    0.51006
   0.56250    0.51160    0.56250    0.51318
   0.56562    0.51472    0.56562    0.51631
   0.56875    0.51784    0.56875    0.51943
   0.57187    0.52096    0.57187    0.52255
   0.57500    0.52408    0.57500    0.52566
   0.57812    0.52720    0.57812    0.52878
   0.58125    0.53032    0.58125    0.53189
   0.58437    0.53343    0.58437    0.53500
   0.58750    0.53654    0.58750    0.53811
   0.59062    0.53965    0.59062    0.54122
   0.59375    0.54275    0.59375    0.54432
   0.59688    0.54586    0.59688    0.54742
   0.60000    0.54895    0.60000    0.55051
   0.60313    0.55205    0.60313    0.55361
   0.60625    0.55514    0.60625    0.55669
   0.60938    0.55823    0.60938    0.55977
   0.61250    0.56131    0.61250    0.56285
   0.61563    0.56439    0.61563    0.56593
   0.61875    0.56746    0.61875    0.56899
   0.62188    0.57053    0.62188    0.57206
   0.62500    0.57359    0.62500    0.57511
   0.62813    0.57665    0.62813    0.57817
   0.63125    0.57970    0.63125    0.58121
   0.63438    0.58275    0.63438    0.58425
   0.63750    0.58579    0.63750    0.58728
   0.64063    0.58882    0.64063    0.59031
   0.64375    0.59185    0.64375    0.59333
   0.64688    0.59487    0.64688    0.59634
   0.65000    0.59788    0.65000    0.59935
   0.65313    0.60088    0.65313    0.60235
   0.65625    0.60388    0.65625    0.60534
   0.65938    0.60687    0.65938    0.60832
   0.66250    0.60985    0.66250    0.61129
   0.66563    0.61283    0.66563    0.61426
   0.66875    0.61579    0.66875    0.61722
   0.67188    0.61875    0.67188    0.62016
   0.67500    0.62170    0.67500    0.62310
   0.67813    0.62464    0.67813    0.62604
   0.68125    0.62757    0.68125    0.62896
   0.68438    0.63049    0.68438    0.63187
   0.68750    0.63340    0.68750    0.63477
   0.69063    0.63631    0.69063    0.63767
   0.69375    0.63920    0.69375    0.64055
   0.69688    0.64208    0.69688    0.64342
   0.70000    0.64495    0.70000    0.64628
   0.70313    0.64782    0.70313    0.64914
   0.70625    0.65067    0.70625    0.65198
   0.70938    0.65351    0.70938    0.65481
   0.71250    0.65634    0.71250    0.65763
   0.71563    0.65916    0.71563    0.66044
   0.71875    0.66197    0.71875    0.66324
   0.72188    0.66477    0.72188    0.66602
   0.72500    0.66755    0.72500    0.66880
   0.72813    0.67032    0.72813    0.67156
   0.73125    0.67309    0.73125    0.67431
   0.73438    0.67584    0.73438    0.67705
   0.73750    0.67858    0.73750    0.67978
   0.74063    0.68130    0.74063    0.68249
   0.74375    0.68402    0.74375    0.68519
   0.74688    0.68672    0.74688    0.68788
   0.75000    0.68941    0.75000    0.69056
   0.75313    0.69208    0.75313    0.69323
   0.75625    0.69475    0.75625    0.69588
   0.75938    0.69740    0.75938    0.69852
   0.76250    0.70004    0.76250    0.70114
   0.76563    0.70266    0.76563    0.70375
   0.76875    0.70527    0.76875    0.70635
   0.77188    0.70787    0.77188    0.70894
   0.77500    0.71046    0.77500    0.71151
   0.77813    0.71303    0.77813    0.71407
   0.78125    0.71559    0.78125    0.71662
   0.78438    0.71813    0.78438    0.71915
   0.78750    0.72066    0.78750    0.72167
   0.79063    0.72318    0.79063    0.72417
   0.79375    0.72568    0.79375    0.72666
   0.79688    0.72817    0.79688    0.72914
   0.80000    0.73064    0.80000    0.73160
   0.80313    0.73310    0.80313    0.73404
   0.80625    0.73555    0.80625    0.73648
   0.80938    0.73798    0.80938    0.73890
   0.81250    0.74040    0.81250    0.74130
   0.81563    0.74280    0.81563    0.74369
   0.81875    0.74519    0.81875    0.74607
   0.82188    0.74756    0.82188    0.74843
   0.82500    0.74992    0.82500    0.75077
   0.82813    0.75226    0.82813    0.75310
   0.83125    0.75459    0.83125    0.75542
   0.83438    0.75691    0.83438    0.75772
   0.83750    0.75921    0.83750    0.76001
   0.84063    0.76149    0.84063    0.76228
   0.84375    0.76376    0.84375    0.76454
   0.84688    0.76602    0.84688    0.76678
   0.85000    0.76826    0.85000    0.76901
   0.85313    0.77048    0.85313    0.77122
   0.85625    0.77269    0.85625    0.77342
   0.85938    0.77489    0.85938    0.77561
   0.86250    0.77707    0.86250    0.77777
   0.86563    0.77924    0.86563    0.77993
   0.86875    0.78139    0.86875    0.78206
   0.87188    0.78352    0.87188    0.78419
   0.87500    0.78564    0.87500    0.78630
   0.87813    0.78775    0.87813    0.78839
   0.88125    0.78984    0.88125    0.79047
   0.88438    0.79191    0.88438    0.79253
   0.88750    0.79397    0.88750    0.79458
   0.89063    0.79602    0.89063    0.79661
   0.89375    0.79805    0.89375    0.79863
   0.89688    0.80006    0.89688    0.80063
   0.90000    0.80206    0.90000    0.80262
   0.90313    0.80404    0.90313    0.80459
   0.90625    0.80601    0.90625    0.80655
   0.90938    0.80797    0.90938    0.80849
   0.91250    0.80991    0.91250    0.81042
   0.91563    0.81183    0.91563    0.81233
   0.91875    0.81374    0.91875    0.81423
   0.92188    0.81564    0.92188    0.81611
   0.92500    0.81752    0.92500    0.81798
   0.92813    0.81938    0.92813    0.81984
   0.93125    0.82123    0.93125    0.82167
   0.93438    0.82307    0.93438    0.82350
   0.93750    0.82489    0.93750    0.82531
   0.94063    0.82669    0.94063    0.82710
   0.94375    0.82848    0.94375    0.82888
   0.94688    0.83026    0.94688    0.83065
   0.95000    0.83202    0.95000    0.83240
   0.95313    0.83377    0.95313    0.83414
   0.95625    0.83550    0.95625    0.83586
   0.95938    0.83722    0.95938    0.83757
   0.96250    0.83892    0.96250    0.83926
   0.96563    0.84061    0.96563    0.84094
   0.96875    0.84229    0.96875    0.84260
   0.97188    0.84395    0.97188    0.84425
   0.97500    0.84559    0.97500    0.84589
   0.97813    0.84722    0.97813    0.84751
   0.98125    0.84884    0.98125    0.84912
   0.98438    0.85045    0.98438    0.85072
   0.98750    0.85204    0.98750    0.85230
   0.99063    0.85361    0.99063    0.85386
   0.99375    0.85517    0.99375    0.85542
   0.99688    0.85672    0.99688    0.85696
   1.00000    0.85826    1.00000    0.85848
